1700000
1117604
9410400
1271946
7028923
7809523
8467986
2037481
4065096
4132744
7553392
205436
1126113
9931519
5802375
1654365
9322479
4227120
409340
4902050
481063
2855712
4108272
6501580
194000
7011342
3426176
8951097
7020436
2570946
5711699
4241920
8804489
3168826
5312692
429013
5497557
4107111
6240186
7295124
4159186
2140483
5625408
8070882
8896577
9616630
666442
7862680
4230736
3310828
8397915
5161165
6528478
4275527
6544000
6212829
8633153
2977297
9739290
4528808
3240994
2116380
676267
6862801
8526415
9484252
9311694
6117712
5177753
7837690
5531723
3899142
1629429
7369842
7983483
116091
3789845
8195445
905591
6560124
9525572
3327027
3721092
4004892
3399377
7589248
3741026
9890843
3208580
7804950
6769839
7308026
7111047
9993887
7686477
3381782
2180097
1763813
4544319
879284
7354942
289007
8425651
3920894
1342837
9347458
193273
9285650
9661894
6926240
616178
4777295
5805040
2158769
8820462
9011995
5496139
3675654
4032780
3248447
3300396
2957532
3949617
7704680
8931421
5120415
5882907
6364398
5116438
6741559
9256786
6784753
8981593
349642
9638731
2838650
3826688
4113088
7683991
9999979
1964236
7231189
3885109
1897128
1931340
4568629
1442881
7360948
5271811
7538419
3864785
9326639
7685757
6490947
4397080
9307724
9423623
2106076
9533708
5179298
3867323
2304066
587710
7033624
8206084
4280516
4469965
6128009
8592449
2531907
7273718
8077498
4560308
6810633
2918726
413722
6214777
4996523
3093761
8392479
9124038
8493290
5394264
6731243
932172
9109180
157246
1995144
9571942
3526653
710061
968287
2368910
7148937
6748858
134289
6225877
4456539
5825573
7150464
1500301
8636193
6642710
9590388
4584176
766153
157174
76446
3820276
4693094
2372100
8086476
1170376
4008545
5090687
3815956
3026018
7833230
8436526
4274094
6084491
6204356
6130823
9027237
6713874
8122461
1010837
8271294
4538772
1521313
1398707
1141132
2825821
2434972
6688158
687195
1991498
1916492
5000306
2112904
5024965
1304880
6531198
906617
4967718
9858753
3341136
5046512
7766680
4537452
2920331
7421814
8822488
1632158
3526524
5215992
9265912
840004
9012985
7064659
5600621
7283020
6096037
2043029
8532328
6188568
7046459
5675249
4988856
6913406
4809308
341649
1807369
8747845
3550091
9939424
5921318
4036403
7742714
1459691
7808932
1984776
6971650
4906142
8019011
9029270
4364414
1190204
5552875
8950092
3553606
5107044
9635692
7648468
2636352
256845
668292
2535335
3041484
9680270
1496136
4517109
6702678
7018832
614905
6086467
1278138
6996308
8037328
5786859
8536496
5843585
3275257
8131932
6925516
8307656
5650536
6581120
408171
4086073
281815
2207937
1643872
3131187
7802590
947119
9492096
8673411
5944185
2977587
5757334
4743937
9759856
2542129
2937697
9169253
8442963
4952867
8407892
7870633
5231206
2990848
649307
1787356
2769945
3050834
8730050
6657217
7422704
1158212
7875535
3814230
8876280
4959138
3838205
4818242
7386895
8273497
2486369
3794761
1931168
8777359
6639403
2235652
5853758
3672287
3404254
4265421
6769526
7682876
6390769
7072685
2286850
4746010
8901534
3134718
388386
8352715
6398354
1416544
1486565
9101677
1161345
5057413
2196097
9018688
8576443
333869
9690864
2579733
9443179
2447163
9941000
9836489
6170240
6298562
9467881
2675603
3781774
9556625
3686987
7850318
7893787
9935654
148520
9754595
4570942
40630
9017718
2876079
9531278
7363526
6012857
6997461
6157236
4638670
5941388
1879806
5555816
3396719
9002585
986607
7565810
4522608
4897059
159093
5263408
2845995
3271366
4097665
4931
6668115
1307277
1379127
6185547
4857851
7512161
6679981
2645046
9723181
972114
2440908
8342415
9677653
2196345
6202490
9660950
7248344
7997877
4917875
7639882
7106148
164309
2673589
3494033
270546
1744831
295660
6676824
8003551
8592498
8815233
7420803
4527373
8737674
1978139
886594
1661227
8343624
7060082
2706815
2482542
2832870
2680850
5543945
1845686
7058085
9655794
6140982
2565771
7893798
7840536
9895663
3093145
2010220
6490748
7832187
6181227
3144408
1019835
2242045
5871620
5171324
5347420
871334
6711753
705283
2954643
9737507
3634502
2665657
1089267
7236432
823149
2564603
7225725
6135555
988947
9955093
5589126
6292998
6168070
6268985
956507
9312702
5864138
2608859
8985766
8274696
6847622
231529
8586539
2179277
7299280
5017987
713122
9450895
8199411
7450797
2095370
8281278
4933170
6856416
6077172
5467323
3290608
5795597
7559567
7847270
3706392
1684540
7324147
3778941
7208637
1546013
3846714
4551332
9089877
9480755
5989226
6970483
5002821
4364942
315585
3304121
4045308
9868700
4759454
8988939
8641759
2453916
8321671
2362281
108360
3621942
3221398
5109225
6518914
6795697
7003897
2247267
7650032
1972746
1076334
248986
965857
5355042
6035940
6599808
7208800
8319833
5941197
4041038
9440639
8390227
9539064
8942781
5063267
1280314
9100385
4773529
5565014
3052405
203713
8606380
8110515
5723721
8701591
952221
4201318
4306118
4452592
4979041
1651392
3574619
3252999
7429770
7151888
5276717
7769474
6330113
5646831
5521743
7132991
8575478
5957271
9381415
3433605
7331571
9389104
6404299
6985416
4448492
1308826
5824456
9241916
9031689
2348794
7154123
5465298
6871206
4260472
4244449
8096557
3005514
7603317
1549901
9710859
591521
676294
8316570
6357766
9002072
9247507
5791125
4891658
4558186
3688310
8135960
5389458
7539303
395519
7167789
2720054
5290983
2847859
3809305
3934728
4599261
9905940
2017716
2820909
8558530
2917703
7627038
4504511
1780831
8863630
4873694
2169560
1267728
8827258
4136094
6083076
5501801
2112238
7844117
5200470
1805628
1060692
164185
6312355
453260
1707892
4753716
7127253
6030885
4016532
6328640
141080
8205974
5115579
1175519
4932428
7317304
2979671
6466214
8809888
4048592
4771019
4487519
8273800
8520712
9085539
6646770
7560471
9895380
8740076
2740354
1705916
1489135
5692644
7397520
2357984
2188195
2102534
6622279
3652355
4887577
558124
6345406
4723577
3553291
4204850
9340533
1918806
6607313
762259
4986429
2778287
4577125
4423135
274394
6602845
6516068
5195336
4235602
2489780
9983848
4973043
7592883
4841263
4059315
2302371
7584075
9232482
1049657
6409508
7657961
2469621
3774763
6948129
4785875
352819
118028
4141618
4590349
4445023
5478534
6279932
9497954
4359804
1184249
9184458
3930398
3150880
8593703
8363482
2171807
7269356
3839990
1935296
5047514
7727351
3929814
4435556
3557487
7305068
1127549
1577549
3721189
641977
3715729
5262374
6164810
5803679
7113650
3926355
6793661
1403216
4678509
4711458
2174658
1937293
4779533
408582
1031812
8144509
5161443
5735718
2618685
7192316
9172457
4955994
3715375
3786838
762756
7520331
4223354
936120
924703
2561346
4128402
6007588
6069735
6620069
6022354
8447677
2141321
3031955
9033646
6632572
3080308
9044040
5883041
3404285
5681009
7169239
9001821
1396964
8160126
1501175
2886169
6667995
8202333
815534
4773703
6413333
7550939
3598708
3670669
4162637
260677
5734175
1030827
7615916
3788339
6584206
3828151
6236725
5716159
3052530
4440914
3645375
7198586
8666939
9307886
2919350
581850
5794141
7024708
9194425
375908
6013696
1079236
517922
3331512
193022
9922541
4126127
7696182
3435882
8032597
2815586
3258243
5531002
7655452
2442375
4204965
8956747
9501707
1127694
4104563
4653585
4945530
4419582
7939049
5007317
1853886
468130
3258071
3512714
1778046
5101913
6299962
8702197
2853524
2383212
842836
5348360
7753106
4915375
396883
8958991
3181958
5524413
485985
9637255
2988115
5113749
6582862
982958
4346475
3344489
1955346
8798634
8433172
6424221
3459114
8154786
6612332
3055359
3056894
6980720
3784812
4141233
2790974
5475103
6867657
1079880
7705178
8042746
1283181
3937416
1872641
9412285
6420723
9375602
212036
3062665
8654558
2458115
3270061
9965816
6636755
6058869
6006190
6129538
7217077
5676713
1794881
4105474
545702
9709600
3853824
2305372
5297448
4615058
374501
9247025
6892329
8182541
8136812
8599068
6726289
6824426
1848229
9853878
262137
9657718
8205409
2784965
403217
548203
6015473
6589926
6626914
7797619
8405827
3872507
3362230
19538
1030523
8464971
4703804
2471455
9608420
3982093
3534236
8687714
3678915
9382554
3124798
25775
9973188
4247959
9671128
4224958
785543
7092870
2025703
8471181
34094
9071999
6884682
4958230
2020904
1344678
9433354
7045903
3630940
4160128
5076437
4672058
8801787
6767808
5602229
20896
2046625
9203397
6506746
7469846
4044681
5010136
559900
5976288
5882433
5870860
7406131
1895717
6400694
2178089
5273923
1760248
380804
3979655
5696421
6642232
2173218
1704752
9726300
1472182
3421932
688587
2128051
7711698
5193357
4703111
951917
3320102
3913186
4544715
3520246
6648835
142948
2378424
4200923
7395733
849399
2401493
4877075
2538638
344323
3438572
8956627
8507078
6436966
5081253
1462266
8965299
677990
7946995
8734245
9759546
6825336
1734187
854903
578177
38318
7267090
9866872
3446455
2704702
9580085
2834012
1662957
1559855
5056500
7009406
1655371
1448055
1904483
3846361
3092351
4374294
5829366
4833066
7680691
199868
1102411
9309300
1353901
9577514
1257892
9417398
1759948
7945696
7361116
6544581
4377306
3048457
8050911
5523058
1877328
8352069
6441398
5720587
2891977
6954775
933806
2061884
3660217
4199282
7643056
8328544
2422568
9550977
5118651
7527601
2558489
3427553
6770042
6779140
4675269
5859596
573462
8713679
2081320
4747494
6115311
8639060
2309633
5685166
505696
7347787
3791565
1793863
8685765
7075952
8391165
9630458
6229584
5190353
7300732
9445764
6622432
5503814
6365456
7772393
4008059
1847036
240927
4842803
8722094
5429460
2134411
3465914
3703681
980991
8191814
2182041
1094790
1788910
2450705
3177444
1528267
8695384
2514376
4334962
7773978
7998976
5505436
9539919
4433774
438910
6456159
4054844
9008739
316374
681609
8506365
8389683
6253650
6771086
2685536
5191038
2547813
9517268
2931236
521569
3571545
5129298
9436693
1985744
8282692
9561981
8042817
6056182
4627499
1881555
1719150
7904973
2565410
1298318
1664770
7262265
13807
1154025
1008954
5529527
6970694
3066968
7171986
6577133
3739200
7875504
3870346
5660235
2979438
3606417
3847556
2672050
7307472
9065313
2201019
5707441
150512
505835
5159609
48121
4042836
6173707
1956682
8278785
1615733
498349
8403783
911284
7254655
2293610
8645630
4755435
3888045
1301441
8757486
5756170
2028247
3985399
193420
4470241
3983126
4785906
4427549
3766191
5399608
9322296
6515619
3663889
1851441
4717716
5630108
1785802
3467862
5534716
5909945
6632131
2250798
2641630
9390714
9845658
1021821
5660246
2056971
3997423
3575447
8038287
2061546
7801383
8191158
4888906
8012269
6000301
6499250
3704541
1322709
5810954
5677071
2198199
8070421
8789972
3736787
4334738
1590248
1063826
981375
1973826
1283172
4288632
5131997
8485295
6952896
7264
3781834
7616079
3069667
8939030
4925623
5224385
2041652
6387809
7721886
6322622
8153160
3621974
4669174
8045511
9501334
2103397
7991149
8788683
4483845
7515131
4998784
2619365
5389079
6360659
8166107
6071207
5375689
5216910
4251894
7196826
3268201
4626752
7881743
6719494
5409710
6666368
6873131
535098
9707515
3637278
7969998
3353515
8230081
8207810
2904161
6809476
9249666
9491567
3636122
2941327
8859026
6722318
4696644
52996
5100901
655843
1705189
7193208
1993351
4962589
3899260
91206
320760
7406028
7469310
8986606
7825583
3519028
1989969
3707223
7252480
4471877
4925594
9962850
1314594
7030560
1459086
3869165
3554365
4928839
4829689
9547695
6786982
4805401
535607
72963
6071378
1413892
870735
5338025
3532541
2729648
7843235
8898857
3339128
942284
3770704
291228
2237660
5583347
2934949
4595798
2860220
980611
4494410
1108958
7307827
1273779
1982575
3619977
4385953
8638834
9219405
9182676
9904826
6825216
5898117
9959245
1922524
6190340
2563918
1621316
4802064
8442106
3991582
4013649
363311
4174304
1869753
8820089
7150417
7559050
2688916
9001637
2468082
5764993
6321383
3870334
7963230
718286
1820490
2812655
3266420
4071602
9603723
4489098
4152710
30017
7955127
6554901
3155141
3780862
7898362
2328596
3273813
8383463
1454724
6317089
6362535
4886689
7707106
3923129
2323692
8872976
7397400
7229815
9055840
2194618
9044267
156630
6122833
9626824
3226693
7583373
266640
4155207
9458570
1052060
2927543
4898827
2317618
5046505
1070048
5320538
8190951
8587509
4159993
258831
410811
4370668
1599050
9823731
5648823
3874454
7190039
4965903
3134
3170858
4381349
8094411
8109522
3567177
3054985
2408759
6373212
4850220
1252316
6944061
8944237
2794620
3631234
8802718
7818918
9367643
8843359
1617529
4991788
4574071
8194587
28404
2079477
8131449
1941785
4709185
8520971
8804522
3685931
4684054
7190445
6331026
7731716
2268099
2281497
5307713
905887
7449844
6775464
5239282
9487619
9679809
9615113
9217722
1061974
9914848
4245448
1338225
2103207
5084465
4867648
3111619
9097474
4386885
5395450
1555969
3225500
4675477
8685459
5833091
950929
1312532
8882766
8504591
5940437
5861588
5336173
1824218
6650149
926407
9060571
4573680
2268085
6944967
3289664
8239036
9186647
8063934
390520
8346696
3802554
2988289
8250619
5726683
7813556
3800608
5174055
3106319
6515536
9826740
2164106
3829558
600846
7528538
3264507
7548554
5984657
7523212
3042725
4166200
3917430
2383351
611702
5625202
6253532
4770611
276921
3067799
5150938
9767869
2263624
4045054
6782783
5118567
8139540
8538544
1824985
8512666
3895163
6452030
2950753
2535648
6572486
40046
2506623
9337771
9894640
2336482
8531154
5197341
4248446
2481581
1854754
4717847
9193802
8865315
2439506
2384650
8904661
4683637
5985952
5521173
5092165
729520
35530
6782604
929973
9876520
4072003
1947769
8311089
9448315
2731006
3728261
7294472
9884761
5891066
208849
2821673
2912077
4739071
9256623
6242575
3502005
3420737
6272544
4753511
3860107
8591973
8307565
8662765
5321446
382851
8986165
4187789
3352154
6235028
5526822
6136486
4937446
1097115
3584148
2074352
5873892
9426679
2895115
6906088
2918494
2326943
2018310
828735
3728533
6422076
804953
6708876
7308709
5116709
1602974
1057469
9707162
6610175
466935
3025155
8513465
1412112
1479004
4838034
1918974
9260247
8417256
7938237
9365610
3531772
9163724
5851167
2764014
2061353
8416240
1393633
3835888
9464553
9639364
2552957
2529919
8189662
6483635
4526612
4723037
6212463
7126719
9644746
524897
9610472
4328144
7433155
6254337
660322
3338843
7461391
8956286
3677947
1389347
7600064
2610884
620020
4306414
4697564
7628862
5977861
5317903
2984167
5835843
6863979
8073508
3465469
6201732
2138854
6081382
7593842
9184680
5996382
5779128
9669157
8439470
460330
543327
131148
6445168
9236518
9397472
4142599
3970031
7434725
7982838
1564249
9237370
5512572
9514937
9059668
8173324
5313908
4112957
6852145
3526102
5861399
2365022
802214
8687163
9482573
2218188
7556916
6103782
2458236
6687618
6459
2244005
7511097
2285732
9076472
1476595
697067
6220965
3209005
2231124
6117724
841917
9491425
2890803
1825932
1589496
2076608
8423980
6841982
2954771
6176946
4396363
9406206
380111
9880837
1236167
4481043
264347
8431945
1042348
8541349
8454042
383657
502744
5316529
6355338
582011
3511434
5189764
465921
9751185
2661139
2396655
3764408
7010831
8483066
834965
9219188
2491610
1104859
9935366
6000283
9643454
8161798
4087862
161979
9069795
6308344
1687589
2511401
9135941
3828024
1289733
5518407
2267812
4123994
9808201
5370752
5022915
5756842
3630082
5708203
5105437
2393962
782945
7709622
4539476
7551046
8055457
892774
1987262
2648747
2489791
6328372
1738491
5829997
4170120
6873155
6841676
3341833
4516643
4247852
1579940
1289064
1694328
5647432
9889599
3828010
9895541
332208
1749115
7830216
4575114
6664971
3966707
8206982
9866202
2583962
8896641
5651600
5247090
8122496
5228540
8791711
3585256
8605328
3613699
2084084
4786201
8081330
1820397
6145461
8497530
4453361
2052532
1727474
377786
2153112
9372196
6272194
6560436
7859464
9146526
8043206
5741952
7206634
909309
127011
4439161
2923602
6028660
1218599
45383
4912750
6416358
7541785
1539402
281079
2195329
9579360
4631269
4527956
3964360
2278682
3841950
180563
6000255
1856136
7520259
9374794
8984237
1542694
3014481
7071965
4159120
2974408
8105077
9192500
3754647
641541
5496269
2074127
6606813
9190625
1487074
8813332
422129
4688493
6236297
4410792
8855217
8999023
7741503
322654
7896235
9874243
2085401
7604335
8499518
4351306
561767
5304058
7626299
7971175
3157352
572476
1960876
