450000
548649
257861
579296
167272
322448
38146
251351
59782
202719
272800
148461
205436
488899
129332
96345
169924
457997
462138
514316
164341
400494
331311
373804
57329
303504
544351
72627
262954
564654
252831
595700
582058
465058
368537
84518
430295
139097
146365
576689
586315
273148
366208
176933
407296
288193
422850
475399
54308
585143
2684
549472
315293
74792
458693
171232
126330
328667
440306
279953
162707
195933
108678
137129
80595
539458
226762
275667
125458
71408
599553
312445
8433
397653
351219
53899
423125
479580
230407
364134
482279
423988
590427
117646
198617
525044
116816
101024
318198
143883
323395
543966
246357
454055
218187
554606
449080
293847
213275
336466
378289
