2000
2886
2013
3170
2832
2489
3385
2704
3412
3538
2533
3767
3695
3101
3188
3079
3286
1571
2729
2814
3614
3492
3363
3143
3095
3077
2265
3785
3685
2919
3836
2045
3986
1939
2023
3691
3921
3388
2778
2483
3547
3539
2255
3165
2405
3585
3730
2541
3989
2789
1893
1689
3411
3085
3881
3511
2610
2694
3997
3500
2219
2543
3635
1863
2857
2718
2964
3461
3613
2357
3798
2129
3050
3309
1871
2273
3909
2223
3370
3162
1795
3729
2241
2691
2615
3387
2111
3374
2843
3849
2087
2949
3945
1959
2740
3256
3429
3766
1777
3392
3920
3477
3978
2097
1559
3657
3885
2395
2897
3981
2635
2529
2119
1861
1715
2169
1483
2233
3490
1737
3142
1775
2695
2051
1501
3510
2199
1941
1615
1779
3927
3308
3362
1519
2970
1793
3543
3422
1813
1477
3581
2554
2858
2465
3199
3770
3996
2560
2477
2565
3122
3537
3964
2015
2333
1535
2121
2673
3061
3686
2984
3121
2923
3383
3743
2676
2317
3197
2043
3651
3160
2810
2720
3854
3677
2747
2301
3571
1951
1591
3835
3372
2608
3458
3893
3035
3526
1635
2950
1943
1991
3259
3867
2363
1837
3618
3213
2664
2917
2551
1805
1913
3993
3873
2900
2285
2587
2451
1543
3699
3153
3826
2675
2699
3003
2816
3567
3862
2849
1573
2911
3907
2511
3975
3439
2972
3815
3094
3278
2349
1531
3467
1631
3081
3936
2523
3612
3692
3619
2117
2853
2049
2271
1765
1771
3457
2865
3384
3435
3980
2939
3241
2918
3082
1545
3601
2744
1889
2848
3180
1867
2973
3555
2893
2642
2863
3419
1865
3838
3584
3965
3525
2645
2141
3268
3497
2994
2969
2561
3760
2686
2847
2743
3230
2793
2649
3829
3373
3542
3104
3182
2745
2902
3886
1829
3015
3673
2009
2161
2359
2495
2415
3307
2722
2025
3553
3038
3106
3951
3922
1979
3727
3572
2913
3955
2379
2591
3851
1819
3134
2840
3504
3562
3174
3701
2403
3518
1523
3204
3597
3757
2559
1761
2598
2601
3168
3638
2469
3109
3828
2914
3681
3056
3125
2721
3474
3128
1787
1557
2697
3923
3630
3379
2491
2035
1911
2287
2685
3129
3219
2884
1969
3625
3452
2752
3164
2093
3034
2915
3449
3090
2639
2703
3328
2987
3406
3552
3902
2409
3807
3678
3310
3719
2207
1903
3895
2139
3574
2982
2947
2775
3351
2689
1901
3693
3116
2794
2521
1857
3178
3381
2367
2001
2882
3595
2293
3803
3330
2563
3872
2876
1785
2996
3804
3631
1845
2855
3137
3135
3634
3583
3186
3339
2597
2654
3364
3054
2021
3444
3694
3489
2133
2968
2975
3371
1963
1637
3045
3073
3201
1973
3066
2929
2527
3074
2889
1811
3773
1567
2892
3022
2535
3747
3021
3323
2269
3481
2960
2596
3428
1625
3475
3322
3431
3771
2105
3397
3847
3713
3491
1699
1679
3224
1823
3313
3963
3763
2924
2869
3078
2089
2211
1497
3108
2313
3962
2413
3275
3931
2151
3264
2391
3789
2802
3831
1989
2680
3632
2698
3515
2851
2417
2877
2493
2125
1457
3217
3463
3064
3485
2555
1495
3173
2574
3447
3227
1649
2441
2329
3446
3783
2932
1677
3590
1733
2662
2933
3317
3404
1711
2821
2734
3939
3194
1855
3424
3037
1507
3533
2475
3565
3027
2261
1539
3071
3778
3722
2668
2423
3008
3114
2377
3636
3541
2185
2397
3151
3427
3084
3772
3913
1553
3010
3745
1695
1735
2792
2700
3442
2730
3892
2773
1851
2850
3047
3245
1885
2940
3904
3233
3007
3554
2781
3017
3127
3398
3958
3303
2553
1947
2459
2321
3246
3662
3972
3858
3642
3377
3883
3417
2590
1849
3723
3075
2618
3337
2251
3270
3181
3243
3915
3844
3354
3513
2632
3495
3088
3611
3596
3897
1983
2061
3725
3057
3260
2922
2671
3470
3586
2283
2191
3744
3661
2549
3369
2838
3235
3749
2467
2445
2505
3983
3912
3563
3545
3941
3496
2711
2780
3616
3100
1875
2149
2827
3676
2373
3548
2065
3283
2355
3718
3788
3156
3797
3141
2007
1607
3304
2736
2755
3118
2263
2992
2580
3875
2155
2005
2819
3453
3179
2938
2187
3607
3957
1671
2612
3302
2652
1643
1467
3301
2845
2077
3820
2655
3929
2039
2123
3812
3455
3172
2421
2620
3801
1915
1767
2687
2383
3205
1807
1839
3166
3036
3733
2443
3546
2896
3521
3775
3868
1957
2289
1575
3254
3223
3257
3454
3752
3501
3910
1527
2750
2131
3582
3123
3234
3450
3669
3479
3158
2710
3382
3111
2891
2739
3049
3480
3674
2195
2564
3961
1919
3013
1533
2737
2856
3209
1681
1481
2925
1453
3561
2731
2985
2361
3258
3899
1821
2663
3506
2595
3768
3984
2249
2309
2640
3271
1489
3540
3765
1661
3326
1731
3813
3834
3568
3704
1707
2749
3145
3891
2705
2742
2993
2177
2091
3794
2019
2305
2842
2217
2905
3522
3959
3780
3032
3344
3933
2974
2011
2797
3861
3884
2611
2457
3408
2732
2576
3136
3154
1511
3415
3249
3817
3819
1641
3261
1923
1629
2147
3059
2063
3159
3517
3946
2473
2203
2796
3484
2425
2175
3277
3336
3062
2433
1881
3846
1859
1843
2714
1873
2031
3238
2920
3610
3698
3776
2861
3966
3048
3215
2963
1549
3934
2883
2782
2567
1493
3816
2717
2941
2539
3342
3147
3237
3105
2157
3645
1583
3018
2772
3443
3781
3089
1475
1809
3281
3195
3016
1529
2660
1739
3967
2864
3103
3639
3273
2955
3418
3231
3420
3592
2487
1853
1675
2983
3244
3441
1717
2259
3329
2621
3896
2758
3202
3319
3656
1491
3316
2837
1455
3950
3255
2725
2791
3167
3848
3682
2728
3665
3653
2818
3901
2786
3728
1585
1743
2165
3087
3063
1713
3155
3791
3295
3360
3818
3138
3917
2777
2801
3667
3821
3333
2784
2776
3589
2788
3471
3211
3478
3512
2653
2916
3130
1929
3711
3666
1517
3832
3212
1745
2613
2859
1701
3987
1593
2602
2872
3113
3425
2901
3366
3386
3375
3707
2761
3207
3626
3198
3169
3628
3098
3903
2017
2573
2989
3573
2513
3519
3269
3702
3558
2921
1869
2956
3380
1741
1833
2385
2201
2995
3401
3731
2562
3220
3971
3866
2592
2628
3184
3139
1663
2193
3473
3287
3228
3658
2297
3200
3144
3112
3494
3650
2617
1803
3721
2910
2153
3294
1515
3120
1451
3906
3069
1683
3748
2867
3738
2235
2986
3097
3942
3809
1581
2607
1783
3161
1965
2678
2497
2556
3279
2295
1995
2623
2545
3894
2674
3532
2806
3171
2681
2651
3754
3998
3688
2716
3905
3652
3724
2575
1651
2638
3715
3764
3262
2708
1827
1935
1887
2953
1749
2709
3503
3827
2833
3839
3280
2904
3877
3365
2650
2948
2798
3550
2571
3361
3157
2841
3464
2667
2757
2107
3627
2760
1917
3253
2583
3163
3534
3403
3093
3840
2862
3298
1719
2622
3570
2071
3523
3042
2927
1669
3696
1841
3755
1879
1623
3623
2805
3274
2713
2871
2807
2809
3092
3060
2584
3753
2785
2712
3176
2738
2812
3175
3655
3741
2547
1605
2906
3617
3670
2552
2614
1953
3878
2507
3734
3352
1883
2579
3368
3708
3334
2167
2429
2817
3030
2688
2531
1461
2803
3044
1503
2627
3505
3551
3777
2895
2825
1509
3637
3440
2682
1587
2762
1999
3784
2724
1931
3183
2387
3357
2431
2769
1721
3580
3046
2943
2829
3643
1521
2419
3466
3774
1577
3842
1899
2935
1647
3029
3974
3530
3697
3321
3318
3916
3214
2455
3206
3462
3460
1921
2137
3761
3668
3208
2605
2683
2644
1933
1705
3871
1729
3051
3795
2727
3928
3031
3012
2057
2844
3603
3629
2519
1565
2145
3043
3210
2907
1985
3591
1659
2319
2912
2341
2980
1801
2878
1909
1797
2748
2569
3225
3407
3633
3578
2471
2085
3762
3953
3276
2353
2800
3520
2369
2427
1895
1685
3527
1541
3409
3889
2603
3865
3416
3593
3739
1925
3002
3131
2439
3792
2449
3737
3096
3735
1569
2831
2581
3488
3970
3944
3033
3924
2257
1817
3535
3646
3083
3240
2239
3395
2672
3640
2609
3000
3576
3272
1653
3025
1949
3393
1697
2633
3648
2723
2834
2463
3345
3115
2347
2197
3423
2991
3926
3312
3680
3900
2860
3879
3347
2589
2684
2997
3356
1997
2759
2227
2557
3672
2679
3608
2693
1485
3742
3358
3602
1907
3811
3805
3606
3544
3860
1609
3053
2756
3700
2670
1597
3940
3405
3410
1665
3335
3800
3952
3486
1993
3052
2604
1613
3604
3502
3706
2981
3001
3282
1835
3740
3948
2047
2659
2053
3824
1463
1595
3378
1727
3683
3732
2813
2331
3908
2578
3664
3070
3679
2726
2765
1987
2753
3712
2967
3938
2764
1487
2303
3076
2171
1617
2971
2067
3353
2606
3438
3325
1563
2099
2600
2221
3314
3055
2799
2619
2701
3177
2898
2582
1633
3432
3587
1891
3508
3448
3808
3709
3247
3024
3624
2945
2880
2075
3107
2485
3346
2888
3641
1561
2307
3320
2696
3468
3833
3367
1955
3009
3343
2311
3040
3004
2928
3588
3531
3340
3430
3041
3218
2768
2873
3714
2401
2944
3011
2345
2365
3348
3402
3324
1753
2585
2894
3528
3857
3690
3006
2630
3285
3932
2820
3203
3193
2733
3400
1667
3110
3935
3058
2637
3703
3806
3911
3837
2899
3229
1825
1981
3119
3995
3716
3598
3020
3472
3376
3930
3232
2669
1505
2690
3026
1691
1603
2375
3072
2453
3133
2594
3843
3117
2937
2215
2629
3887
3802
1757
3332
3793
2787
3560
2163
3185
3331
3251
2437
3476
3456
2636
3600
2934
3647
2277
3769
2083
2875
2692
3187
3855
1967
3799
2337
3644
2624
3126
2073
2101
3968
3949
2836
2205
3556
2389
2719
3391
2665
3293
2946
2830
3338
2525
3890
2998
2926
3190
3028
1621
2503
2069
2658
3023
2179
3979
1639
1791
2783
2823
2055
2447
3599
2041
1687
2173
2958
3845
3536
3822
3856
2866
2499
3992
3759
3292
2770
2143
2979
2852
3710
2209
3414
2267
2868
3436
2824
3994
3284
2577
3252
2079
2343
1673
2815
2988
2835
2790
2399
1769
2183
2537
3659
2626
2229
3973
2965
2113
3982
2127
3810
1599
2959
3140
3091
3649
3263
3390
3977
2976
1709
1877
3265
3622
3524
1513
3830
2566
2407
3925
1459
2741
2159
3898
3086
2189
2771
3459
2381
1601
3990
3305
2908
3954
3660
2870
3433
3327
1471
2879
1469
2999
1551
3399
2481
2887
2634
3289
2393
2335
2509
3267
3487
3150
3988
3919
3756
3796
3876
3290
1905
1655
1927
3782
3226
3196
2909
3306
3039
2323
2839
2351
2631
3514
2479
3882
3736
3720
3569
1831
2885
1525
2037
2641
1971
3999
3787
3421
1537
1657
3529
3751
3956
3288
1759
3311
1781
1579
1611
3296
1789
2903
3350
1473
1755
2109
2962
3396
2846
2774
3239
1751
1815
3389
1723
2253
1499
2666
2828
1589
3099
3434
3394
1555
2647
1799
2371
3192
3852
3498
3863
2281
2931
2656
3943
3825
3080
2029
3687
2588
2826
2599
3067
2327
2978
3564
2930
3065
2961
3014
2808
3991
1703
1763
2572
3985
3615
1977
3786
3859
2707
2954
1465
3850
1725
3413
3250
2593
2411
2213
1897
2648
2990
3216
1747
2881
2795
3507
3750
2237
3124
3976
3248
2315
3689
1645
2501
2854
3579
2245
2677
2135
2625
1479
2247
2766
3102
2754
2115
3914
3297
2558
3790
3299
3068
3349
3315
3426
2231
2661
3705
3300
3483
3451
2461
3549
3675
2977
1619
3189
3341
3266
2181
2103
3969
3465
2966
1937
3132
2702
3918
3445
3758
2339
2706
3575
1693
2715
3146
2325
2643
2275
3221
3482
2059
3493
3236
1773
1961
3621
3684
3726
2951
3671
3947
3355
3516
3577
2586
3779
2003
4000
2952
3654
2751
2746
2291
2568
2515
2942
2570
3870
2874
2804
2299
3222
2646
2225
3005
3359
3566
2095
3148
3864
2811
2517
3609
3605
2657
3717
3869
3291
2779
3019
3620
3469
3191
3557
3746
3874
2033
3841
1975
2936
3499
3960
1945
3888
2890
2767
3559
3937
3880
2957
3594
3509
2081
1847
3853
2027
2279
3149
1547
2616
3663
2243
2822
3437
1627
3152
2763
2735
3823
2435
3242
3814
1494
704
2510
1066
90
2098
1363
1968
934
1534
1662
2460
253
1018
1104
446
38
808
183
377
2528
966
2322
1405
69
388
2530
960
1834
2452
567
2346
1300
948
544
1970
1290
1614
1411
1114
2416
741
271
1339
1035
1424
398
1598
449
1295
2014
2238
1858
660
907
2170
1052
564
985
731
558
2320
633
845
998
1017
1195
919
1120
1013
1244
906
2008
1199
371
1910
429
1612
264
82
1976
1037
175
1932
2030
58
2116
1437
600
1470
785
659
392
55
728
436
1354
404
2060
452
1896
1610
1762
223
14
1357
289
1536
866
2498
1410
1466
2354
977
1972
693
903
1137
2520
66
732
504
604
3
2350
1268
698
1636
2126
1083
2544
29
1359
431
488
262
1650
1180
1041
406
533
2368
910
1360
2
1305
1198
1257
1318
405
827
311
1888
159
1064
1274
721
997
1075
1235
2158
207
391
397
508
530
1236
408
911
1130
2518
621
70
2494
781
812
360
628
497
237
315
962
428
657
861
259
717
1093
247
2160
550
1333
2292
1087
1403
1288
772
448
1962
1304
1432
409
908
1356
1192
629
1347
531
765
1928
1289
993
2312
1001
1398
443
1504
2220
118
992
402
1760
656
1820
789
2148
490
1155
1100
308
256
1370
896
501
1279
2258
1812
691
1886
1890
2430
786
1698
1626
169
2304
681
1852
291
2516
386
417
1024
587
134
1301
1241
1207
726
818
2110
1958
403
11
872
129
2326
340
1878
1980
353
930
1200
2508
1712
1870
2138
26
60
645
1189
2058
1210
97
1250
415
1864
35
4
36
114
624
1098
2476
1592
871
164
1335
1894
2150
2246
1764
2440
2314
918
848
153
1144
763
1293
857
480
210
2232
1081
2340
1332
1688
644
2218
2028
963
792
1930
265
2358
937
2078
2104
744
1033
185
589
1486
40
1416
615
1594
819
2096
1456
179
1880
2378
252
1415
16
1330
1224
593
745
8
1439
243
117
2302
769
351
1057
464
1261
146
399
1400
884
434
2176
1134
1528
1618
161
1778
1824
2388
416
1349
994
1
1320
187
1580
1766
2166
1984
1270
1365
9
1678
1950
424
1091
2064
1312
1498
1299
364
1718
292
1094
539
551
47
1220
750
1321
2198
1482
2500
1053
234
124
2462
2526
346
851
208
2370
1366
1063
856
1608
1940
1622
1848
495
1397
1316
285
2208
155
1602
130
2080
2124
345
370
1480
160
956
1660
1630
1484
2226
1488
407
752
1902
858
2432
1061
2032
367
1166
84
796
24
494
487
2454
1445
2532
1219
787
1029
526
272
1600
689
1111
790
401
486
1186
1369
2486
1267
269
1882
23
500
1072
1421
1273
839
283
2446
747
1328
673
2040
1135
126
1452
2214
924
961
1380
1444
1043
1934
45
2536
1658
2384
1343
1508
170
559
2212
151
1051
844
1806
1096
509
983
2128
2184
1249
935
672
1922
1016
560
738
2076
1239
2448
899
1345
2504
816
1086
912
527
950
1790
108
412
1379
2380
1178
1132
868
172
524
324
133
1556
1240
368
423
647
2278
1774
991
1291
1323
127
513
680
596
601
176
1027
46
566
2398
760
1828
686
338
607
775
1253
1520
783
1752
122
2206
236
597
1187
413
1964
255
104
708
419
1034
568
867
2024
295
389
2244
2468
820
1232
946
640
2408
2478
1814
1768
853
19
2034
1449
1584
1746
1042
184
115
1303
579
877
2464
507
2328
375
1182
1068
505
363
2444
925
2406
878
2012
2254
753
630
1205
2546
414
1780
532
855
331
696
667
989
1620
637
411
705
1936
1744
996
2140
813
1418
1427
444
147
1502
378
2428
1179
427
1652
1177
354
1148
1228
802
777
2400
1211
71
1226
280
1409
1402
439
926
1188
88
1161
543
384
933
762
369
339
2540
307
1644
2496
1309
327
755
1552
53
829
874
1796
2548
2020
638
113
902
548
2180
166
268
1974
1310
21
1237
140
2174
2120
1280
227
445
546
463
1147
230
2168
617
944
1358
1433
2436
632
622
572
888
729
801
1540
2288
1844
1168
276
614
2100
1786
93
859
2234
453
2264
1003
2026
321
250
528
302
80
1944
194
484
1838
598
869
251
469
1792
420
1664
2294
112
553
1050
1734
784
2424
473
275
511
2484
1518
2300
570
973
921
1231
1560
300
2038
347
1431
1222
1413
141
1375
804
2188
1275
2256
65
1084
1344
876
1355
833
394
1500
154
2084
1716
1430
1209
1624
670
100
565
1942
83
1259
2112
385
1342
1129
2282
1002
1904
643
1256
2450
89
1472
1128
1706
241
849
204
1014
48
1926
826
32
1832
263
651
1830
862
2016
225
654
718
342
1154
562
1112
2134
242
2502
516
298
475
595
770
743
17
328
2164
72
913
56
1213
885
1262
599
1079
1107
1152
699
1095
714
1782
709
359
106
1133
1740
817
1246
2390
653
1440
1724
969
669
1284
580
2010
248
1722
110
2006
1162
337
846
2152
835
196
1218
2062
1163
1924
1656
2068
941
780
1460
605
2216
2018
2204
96
1818
594
773
125
663
1568
1754
676
356
1036
352
682
6
1393
1252
806
1373
410
135
216
794
400
951
349
1642
2210
2274
610
163
2156
1654
591
974
1590
1047
1383
1388
1866
959
2392
814
257
958
883
1340
10
165
68
485
852
467
28
1524
713
78
2182
107
590
1996
1582
1702
305
1690
939
150
1666
358
1258
506
618
1860
211
943
1030
503
1202
1124
685
326
1391
1193
2418
1142
1089
1238
569
249
1082
1434
1372
219
456
1417
923
1125
1331
2000
809
972
1044
1990
1714
1352
1204
1181
1122
1005
1336
894
491
525
737
1348
1216
1798
2228
468
477
620
86
666
662
1516
325
841
380
1510
1856
697
881
1298
101
310
1097
1906
1069
815
702
1648
387
355
482
213
85
1708
1532
1324
1056
636
309
193
2342
1103
74
2550
54
357
2142
865
1276
123
843
625
2364
1732
964
631
2086
1201
742
202
1183
2136
1900
1269
461
1115
529
706
2094
2074
800
333
828
586
1038
1146
850
2352
965
931
42
281
837
1194
1436
2190
2310
2534
1596
1283
2262
231
767
1742
634
267
25
2472
1074
901
616
942
22
2480
2260
1862
1377
641
970
1572
320
195
1076
1184
575
683
725
552
749
188
1325
515
91
2356
799
897
1389
1912
1281
1127
20
1206
535
152
984
304
344
1118
949
293
678
1108
700
462
2344
1794
1255
1395
18
2004
1025
2050
303
739
1394
603
2276
576
450
334
273
1874
900
730
779
238
832
1317
1710
1412
343
1468
1522
493
1159
120
541
582
635
1116
1854
1156
177
258
2382
1158
2054
1119
512
221
1350
1126
1170
1772
1296
561
492
932
379
904
1233
254
754
2330
1190
1988
109
840
12
471
545
723
1136
1101
1048
75
2348
1294
1197
2122
2230
2296
1062
2376
1512
1032
2082
1916
27
563
1234
1948
1138
1604
476
279
1334
454
245
1221
2414
549
162
971
1429
1390
2442
1443
2360
536
1113
940
341
1606
1272
1998
2250
330
7
1266
37
214
1750
1562
1078
335
111
734
228
898
1223
938
1728
1458
1800
2240
217
447
1982
1351
30
795
1225
724
1153
1362
220
740
1638
952
1586
2132
1065
2252
870
336
458
173
481
602
1285
460
2366
143
2022
2298
319
831
92
1550
1574
797
41
774
316
171
771
459
1425
205
510
2538
825
1994
451
810
1071
1438
1139
517
1756
1302
879
1174
201
1164
1322
916
674
2332
1514
1376
1784
999
703
1006
1802
1588
987
1314
131
1548
1978
887
1169
418
294
2088
1306
1726
103
675
1011
1426
649
381
200
240
766
882
1704
1450
650
393
470
915
980
890
299
229
2336
1176
1058
322
1918
261
44
1000
1558
955
1217
573
687
1776
1578
441
2404
2044
178
33
1407
606
1105
1203
1808
181
128
642
694
1836
1110
2474
1908
842
715
1172
748
581
52
1694
43
1448
1212
1616
1165
1399
2324
186
95
1441
34
807
1966
372
296
1361
688
2224
520
664
1160
929
137
77
990
523
1435
542
1640
2458
2338
1530
2466
623
975
2470
1492
684
976
692
396
892
1392
712
798
716
2524
2066
1676
823
64
136
2410
1185
1150
805
274
578
1570
834
2144
1023
430
2042
1143
366
761
502
534
756
759
626
1019
278
121
982
362
733
1080
612
701
1736
776
875
2290
1077
768
577
803
847
864
435
652
1175
350
646
1542
2492
1385
1423
947
1329
174
1102
2490
61
1682
1196
661
1254
746
1842
498
148
99
968
1628
627
1046
437
873
1566
1015
226
988
1067
537
318
1311
1326
1070
2154
1384
860
658
793
1371
1382
1248
1506
1914
190
1287
81
2270
1564
266
440
142
1386
1954
472
719
886
838
2102
514
1876
2200
1442
821
2036
639
1476
2422
1260
376
584
2052
199
1822
1121
665
1490
1055
119
927
1720
191
1538
1278
880
1265
895
2092
282
31
1826
609
483
1020
671
1986
2178
1804
244
1381
421
1008
1419
556
679
156
1313
1123
1264
1406
2514
422
690
1149
145
73
1960
1634
395
1319
2438
2192
2284
1022
613
1117
1171
1696
1868
1404
914
1408
1031
1422
15
167
2412
2396
518
1026
2194
198
284
2266
1099
1364
425
1898
496
1840
2108
139
611
1952
1012
2242
1454
49
2280
2316
182
1092
555
499
94
811
297
1526
215
2306
1191
466
978
1816
465
2394
917
1668
361
891
1692
1892
1308
836
648
1920
1286
583
239
2118
1282
197
287
1367
1496
758
1686
711
922
2488
1090
1039
1730
571
554
1992
2308
1414
1049
1245
540
522
619
374
87
791
329
138
474
1474
1307
209
2456
2426
235
2374
432
116
2236
1758
332
592
1060
954
1292
180
1546
1368
2162
1140
1544
1396
301
1045
1770
1576
920
433
457
2272
2362
1478
158
2046
1700
5
438
2002
290
50
144
224
306
426
905
538
782
260
695
383
1341
2318
1680
1109
489
57
373
67
2072
288
1738
757
348
1810
928
132
979
2202
727
1214
1946
157
1684
2386
1251
2268
1173
893
519
2196
557
1007
1674
585
1151
1271
1346
246
547
736
39
1243
1021
2130
1938
1446
1464
1088
1145
995
1054
76
13
2070
390
1462
2248
788
1215
1247
1106
2146
232
2482
986
722
668
1338
62
889
323
2512
2420
2286
967
2372
2402
710
1131
233
1353
2542
1788
1337
1632
957
105
953
312
102
822
442
1447
382
59
192
479
1420
478
317
168
1263
1297
286
1230
735
1748
574
1073
1378
270
1670
1009
51
588
1554
1085
63
218
222
608
79
2106
2334
2172
1315
1028
1157
1327
1227
2222
455
1850
189
1208
751
521
277
863
212
936
2186
1242
313
1167
365
981
1141
203
1884
206
2048
1374
854
2090
1846
677
1010
720
1646
1277
149
1956
2056
2522
1040
2506
314
1872
2114
1387
1004
1672
1059
824
830
778
909
764
98
1428
1229
1401
707
2434
945
655
