100
86
138
191
80
200
163
194
78
104
98
120
198
193
102
133
189
137
152
167
116
82
192
199
181
169
196
151
187
144
135
153
179
176
195
110
188
172
143
129
131
168
128
171
106
136
134
150
76
184
177
132
112
165
190
130
183
164
108
166
141
90
185
127
147
197
158
180
157
122
175
126
114
170
178
186
100
94
161
124
155
149
148
173
145
162
140
156
88
160
142
174
92
154
182
84
96
139
159
118
146
36
53
89
59
101
43
18
42
115
38
58
31
109
107
66
14
119
51
10
19
117
95
54
3
77
105
61
7
12
64
11
26
44
25
9
69
103
81
21
45
50
67
91
29
74
8
111
27
30
28
41
63
99
6
83
65
60
87
16
40
49
57
72
32
33
70
24
35
93
97
113
23
85
20
79
17
68
55
71
75
56
39
13
22
123
46
4
47
62
2
5
121
73
48
34
52
37
1
125
15
